0000001010000000
0000010010000000
0000011110000001
0000010010000001
0000001010000010
0000010011000010
0000001010000011
0000010010000011
0000001010000100
0000010010000100
0000101010000101
0001010010000101
0001001010000001
0001010010000001
0010001011000001
0010010010000001
0011001110000001
0011010010000001
0100001100000001
0100010001000001
0111001111000001
0111010010000001
1000011010000001
1000111111000001
1001011010000001
1001010010000001
0001001010000000
0001010010000000
0001001010000001
0001111010000001
















































































































































































































































































































































































































